47
47
47
47
47
47
47
47
48
48
48
48
47
47
47
47
47
47
47
47
47
47
47
47
47
46
46
46
46
45
45
45
44
45
46
46
46
46
48
49
51
51
52
54
55
54
54
53
45
36
69
150
222
248
245
239
168
117
115
145
122
129
131
110
105
117
128
127
117
110
116
128
141
122
101
86
72
62
71
86
92
87
84
88
93
98
105
111
108
104
105
123
143
147
133
117
136
172
202
211
215
221
214
199
205
165
139
149
164
165
165
172
175
176
176
174
170
165
161
159
148
146
143
139
133
129
127
125
121
141
161
169
168
167
169
171
206
219
218
219
221
187
131
98
115
143
161
149
122
97
79
67
58
56
54
54
55
60
73
85
95
96
84
74
86
108
110
94
101
87
83
93
101
97
93
94
101
84
86
97
79
49
38
40
42
46
43
44
25
48
76
102
94
106
106
105
107
78
47
39
51
50
50
49
49
49
50
51
51
51
51
51
52
52
52
52
53
54
54
54
54
55
55
55
53
53
53
54
54
54
55
55
54
53
56
55
44
29
23
28
31
32
33
34
35
36
37
37
39
39
39
40
41
42
43
44
