208
208
208
208
208
208
208
208
207
207
207
207
208
208
208
208
208
208
208
208
208
208
208
208
208
209
209
209
209
210
210
210
211
210
209
209
209
209
207
206
204
204
203
201
200
201
201
202
210
219
186
105
33
7
10
16
87
138
140
110
133
126
124
145
150
138
127
128
138
145
139
127
114
133
154
169
183
193
184
169
163
168
171
167
162
157
150
144
147
151
150
132
112
108
122
138
119
83
53
44
40
34
41
56
50
90
116
106
91
90
90
83
80
79
79
81
85
90
94
96
107
109
112
116
122
126
128
130
134
114
94
86
87
88
86
84
49
36
37
36
34
68
124
157
140
112
94
106
133
158
176
188
197
199
201
201
200
195
182
170
160
159
171
181
169
147
145
161
154
168
172
162
154
158
162
161
154
171
169
158
176
206
217
215
213
209
212
211
230
207
179
153
161
149
149
150
148
177
208
216
204
205
205
206
206
206
205
204
204
204
204
204
203
203
203
203
202
201
201
201
201
200
200
200
202
202
202
201
201
201
200
200
201
202
199
200
211
226
232
227
224
223
222
221
220
219
218
218
216
216
216
215
214
213
212
211
