34
46
46
46
46
46
46
47
47
47
47
47
47
47
47
47
47
47
47
46
46
46
46
46
46
46
45
45
45
45
44
44
44
46
46
44
44
47
48
48
49
50
52
53
53
53
51
47
48
69
114
169
214
235
240
220
177
128
121
131
132
127
125
115
116
118
121
121
119
118
120
125
129
121
104
86
71
68
76
87
91
89
86
87
92
98
104
107
106
104
108
119
132
139
136
136
134
157
179
196
206
211
208
204
188
171
154
153
160
166
170
172
173
174
174
172
169
165
160
154
148
143
140
136
131
126
123
121
126
142
160
169
169
169
172
183
205
214
216
216
206
178
139
115
129
152
157
140
117
98
78
62
60
56
55
56
56
60
71
85
92
92
85
81
89
103
105
100
96
89
84
91
98
96
93
96
94
90
89
88
75
53
40
39
42
44
44
38
34
50
77
93
100
101
105
105
101
76
52
45
47
50
49
49
49
49
50
50
51
51
51
52
52
52
52
52
53
53
54
54
54
54
55
54
53
52
53
53
53
53
53
53
53
53
55
52
40
30
26
27
30
32
33
34
34
35
36
37
38
39
39
39
41
42
43
33
