46
46
46
46
46
46
46
46
47
47
47
47
47
47
47
47
46
46
46
46
46
46
46
46
45
45
45
45
44
44
44
44
44
44
45
45
45
45
46
48
49
50
51
51
51
51
52
57
69
87
111
138
166
190
202
194
169
142
127
127
129
129
125
120
116
115
117
118
118
118
119
121
121
114
101
86
75
71
74
80
84
85
85
86
91
96
101
105
108
110
114
121
130
137
142
145
149
155
164
175
187
194
196
190
178
160
148
146
153
161
166
167
167
166
165
165
165
163
158
151
143
135
128
121
115
110
107
107
111
120
130
138
143
148
156
168
183
194
200
198
187
167
149
140
141
142
138
126
111
94
79
66
59
56
55
55
58
63
72
81
88
88
86
86
91
99
103
101
96
90
89
90
94
95
95
94
92
90
88
82
71
56
44
40
41
42
41
39
41
54
72
89
97
101
103
102
93
75
58
48
47
48
49
49
49
49
50
50
51
51
51
52
52
52
52
52
52
52
53
53
53
53
54
53
53
52
52
52
52
53
53
53
53
53
52
48
40
32
28
27
29
31
33
33
34
35
36
37
38
38
39
39
40
42
43
43
