45
45
45
45
45
45
45
45
45
45
45
45
45
45
45
45
45
45
44
44
44
44
44
44
44
44
44
44
44
44
43
43
43
43
43
43
44
45
45
46
47
48
49
51
53
57
63
73
86
101
118
136
153
166
172
168
158
145
134
128
125
123
121
118
116
115
116
117
118
119
119
118
115
108
98
88
79
75
74
76
79
81
83
86
89
93
98
102
105
109
113
117
123
128
133
137
143
149
156
164
171
176
177
173
166
158
152
150
152
156
159
161
161
160
160
158
157
153
148
141
134
127
121
115
111
108
106
107
111
117
123
130
136
143
150
159
168
175
179
178
172
163
154
146
140
135
127
117
105
92
80
69
62
57
56
56
59
65
71
78
82
84
86
88
92
95
97
97
95
92
90
90
91
92
92
92
90
88
84
77
67
57
48
43
41
40
40
42
48
57
70
82
92
97
98
94
85
74
62
53
49
47
47
48
48
49
49
49
49
50
50
50
51
51
51
51
51
52
52
52
52
52
52
52
51
51
51
51
51
51
51
51
51
50
48
44
38
33
29
28
28
29
31
32
33
34
35
36
36
37
38
39
39
40
41
41
