45
45
45
45
45
46
46
46
46
46
46
46
46
46
46
46
45
45
45
45
45
45
45
45
45
44
44
44
44
44
44
43
43
43
44
44
44
45
46
47
48
49
50
50
52
54
60
69
82
98
117
137
156
171
179
175
161
145
133
127
126
125
122
119
116
115
116
117
118
119
119
119
116
110
99
87
78
74
74
77
80
82
84
86
90
94
99
103
106
109
113
119
124
130
135
140
145
151
158
167
175
181
182
178
169
159
151
149
152
157
161
163
163
162
161
161
159
156
151
144
136
129
122
116
112
108
106
107
111
117
125
131
138
144
152
161
171
180
184
183
176
165
154
146
141
137
130
119
106
93
79
69
61
57
55
56
59
64
72
79
83
85
86
88
92
96
99
98
95
92
90
90
92
93
93
92
91
89
85
78
68
57
48
42
41
40
40
41
46
57
71
84
93
99
100
96
87
74
62
52
48
47
48
48
49
49
49
49
50
50
51
51
51
51
51
51
52
52
52
52
52
52
53
52
52
51
51
51
51
52
52
52
52
51
49
45
39
33
29
28
28
30
31
32
33
34
35
36
37
37
38
39
40
41
41
42
