45
45
45
45
46
46
46
46
46
46
46
46
46
46
46
46
46
46
45
45
45
45
45
45
45
45
44
44
44
44
44
44
44
44
44
44
44
45
46
47
48
49
50
51
51
52
56
64
76
94
115
137
160
179
188
183
165
144
131
127
127
127
124
119
116
115
116
117
118
118
119
120
118
112
100
87
77
73
74
78
82
83
84
86
90
95
100
104
107
110
114
120
127
133
138
143
147
153
161
171
180
187
188
184
173
160
150
148
152
159
163
165
165
164
163
163
162
159
154
147
139
131
125
118
113
109
106
107
111
118
127
134
140
146
154
165
176
186
191
189
180
166
152
143
141
139
133
122
108
93
79
68
60
56
55
56
58
64
72
80
85
87
86
87
92
97
101
100
95
91
89
91
93
94
94
93
92
90
86
80
69
56
46
41
41
41
40
40
44
56
71
86
95
100
102
99
89
75
60
51
47
48
48
49
49
49
49
50
50
51
51
51
51
51
51
52
52
52
52
52
53
53
53
53
52
52
52
52
52
52
52
52
52
52
50
46
39
33
28
27
29
30
32
33
34
35
36
37
37
38
38
39
40
41
42
42
