46
46
46
46
46
46
46
47
47
47
47
47
47
47
47
47
47
47
46
46
46
46
46
46
46
46
45
45
45
45
44
44
45
45
45
44
45
46
47
48
48
50
52
53
53
52
49
48
55
74
104
139
174
204
223
212
174
133
123
127
134
129
123
118
113
116
118
120
118
117
118
124
125
118
102
85
72
69
75
85
88
87
84
86
90
96
102
106
108
109
113
122
134
145
150
152
153
156
165
181
196
204
207
204
188
164
143
142
154
165
169
170
171
170
169
168
168
166
162
156
150
143
136
129
122
115
110
108
113
124
138
147
151
156
163
178
193
206
209
206
191
163
134
126
136
149
146
132
115
97
78
64
57
56
56
56
56
61
71
83
91
91
85
83
91
102
105
103
95
90
86
91
96
96
94
95
93
91
89
87
74
54
41
39
42
43
44
37
38
50
76
91
100
101
104
106
96
77
54
46
47
50
49
49
49
49
50
51
51
51
52
52
52
52
52
52
53
53
53
53
54
54
54
54
53
52
52
53
53
53
53
53
53
53
54
50
41
31
26
27
30
32
33
34
34
35
36
37
38
39
39
40
41
42
44
44
